x0=0.9;
